height: 720
width: 1280
distortion_model: "rational_polynomial"
D: [0.5463702082633972, -2.601414203643799, 0.0008451102185063064, -0.0003721700340975076, 1.4684650897979736, 0.42450839281082153, -2.430366039276123, 1.4001946449279785]
K: [611.9021606445312, 0.0, 637.0317993164062, 0.0, 611.7799682617188, 369.0512390136719, 0.0, 0.0, 1.0]
R: [1.0, 0.0, 0.0, 0.0, 1.0, 0.0, 0.0, 0.0, 1.0]
P: [611.9021606445312, 0.0, 637.0317993164062, 0.0, 0.0, 611.7799682617188, 369.0512390136719, 0.0, 0.0, 0.0, 1.0, 0.0]
binning_x: 0
binning_y: 0
roi: 
  x_offset: 0
  y_offset: 0
  height: 0
  width: 0
  do_rectify: False
