height: 1536
width: 2048
distortion_model: "rational_polynomial"
D: [0.5713498592376709, -2.794888973236084, 0.00015221475041471422, -0.00010557458153925836, 1.6503411531448364, 0.45125555992126465, -2.6203830242156982, 1.576042652130127]
K: [970.4990844726562, 0.0, 1025.4967041015625, 0.0, 970.1990966796875, 777.769775390625, 0.0, 0.0, 1.0]
R: [1.0, 0.0, 0.0, 0.0, 1.0, 0.0, 0.0, 0.0, 1.0]
P: [970.4990844726562, 0.0, 1025.4967041015625, 0.0, 0.0, 970.1990966796875, 777.769775390625, 0.0, 0.0, 0.0, 1.0, 0.0]
binning_x: 0
binning_y: 0
roi: 
  x_offset: 0
  y_offset: 0
  height: 0
  width: 0
  do_rectify: False
